1143,8
1143,7
0,310
0,305
0,308
0,307
0,302
0,304
0,303
0,12
0,10
0,8
0,0
0,415
0,300
0,457
0,412
0,299
0,559
0,382
0,298
0,552
0,411
0,297
0,463
0,410
0,296
0,409
0,295
0,529
0,461
0,294
0,537
0,407
0,293
0,528
0,517
0,292
0,548
0,572
0,291
0,511
0,404
0,290
0,562
0,289
0,547
0,469
0,288
0,376
0,403
0,287
0,369
0,402
0,286
0,551
0,401
0,285
0,527
0,368
0,284
0,526
0,503
0,283
0,525
0,455
0,282
0,565
0,460
0,281
0,524
0,430
0,280
0,394
0,279
0,393
0,428
0,278
0,391
0,345
0,277
0,545
0,388
0,276
0,561
0,444
0,275
0,477
0,387
0,274
0,471
0,386
0,273
0,385
0,272
0,482
0,479
0,271
0,502
0,384
0,270
0,523
0,439
0,269
0,542
0,344
0,268
0,555
0,381
0,267
0,522
0,543
0,266
0,566
0,265
0,380
0,264
0,330
0,379
0,263
0,378
0,262
0,475
0,553
0,261
0,476
0,377
0,260
0,521
0,399
0,259
0,473
0,491
0,258
0,544
0,374
0,257
0,520
0,541
0,256
0,540
0,574
0,255
0,484
0,373
0,254
0,573
0,372
0,253
0,483
0,371
0,252
0,564
0,510
0,251
0,535
0,370
0,250
0,466
0,495
0,249
0,518
0,429
0,248
0,427
0,367
0,247
0,539
0,478
0,246
0,515
0,375
0,245
0,492
0,366
0,244
0,365
0,242
0,389
0,364
0,241
0,470
0,363
0,351
0,383
0,400
0,414
0,418
0,420
0,432
0,440
0,462
0,467
0,488
0,493
0,494
0,498
0,499
1,1
2,0
2,1
2,3
2,4
2,6
3,0
3,3
1123,1
1123,2
1125,0
1125,1
1125,3
1126,1
1126,2
1126,4
1126,5
1127,1
1127,2
1128,0
1128,2
1128,3
1129,1
1129,2
1129,4
1130,1
1130,2
1131,0
1131,1
1131,3
1132,0
1132,1
1132,3
1132,4
1133,1
1133,2
1133,4
1135,1
1135,2
1135,4
1137,0
1137,2
1137,4
1140,0
1140,2
1140,3
1143,0
1143,1
1143,3
1143,5
1143,6
1145,1
1145,2
1145,4
1147,1
1147,2
1147,4
1148,0
1148,2
1148,3
1151,1
1151,3
1151,4
1154,0
1154,1
1154,3
1154,5
1157,0
1157,2
1157,3
1157,5
1157,4
1157,1
1154,4
1154,2
1151,5
1151,2
1151,0
1148,1
1147,3
1147,0
1145,3
1145,0
1143,4
1143,2
1140,4
1140,1
1137,3
1137,1
1135,3
1135,0
1133,3
1133,0
1132,2
1131,4
1131,2
1130,3
1130,0
1129,3
1129,0
1128,1
1127,3
1127,0
1126,3
1126,0
1125,2
1123,3
1123,0
3,1
2,5
2,2
1,3
1,0
0,496
0,489
0,481
0,443
0,421
0,417
0,408
0,361
0,322
0,319
0,243
0,9
0,240
0,514
0,549
0,239
0,519
0,362
0,238
0,459
0,456
0,237
0,538
0,334
0,236
0,546
0,359
0,235
0,536
0,490
0,234
0,433
0,458
0,233
0,454
0,358
0,232
0,333
0,357
0,231
0,405
0,356
0,230
0,329
0,355
0,229
0,395
0,354
0,228
0,534
0,353
0,227
0,509
0,398
0,226
0,571
0,352
0,225
0,453
0,465
0,224
0,508
0,450
0,223
0,474
0,349
0,222
0,556
0,452
0,221
0,507
0,390
0,220
0,575
0,348
0,219
0,464
0,347
0,218
0,434
0,346
0,217
0,506
0,448
0,216
0,449
0,505
0,215
0,422
0,343
0,214
0,342
0,213
0,447
0,341
0,212
0,446
0,340
0,211
0,419
0,339
0,210
0,338
0,209
0,397
0,337
0,208
0,568
0,336
0,207
0,445
0,413
0,206
0,563
0,335
0,205
0,442
0,504
0,204
0,441
0,570
0,203
0,487
0,332
0,202
0,512
0,438
0,201
0,531
0,472
0,200
0,500
0,331
0,199
0,437
0,392
0,198
0,436
0,567
0,197
0,451
0,328
0,196
0,560
0,318
0,195
0,530
0,435
0,194
0,327
0,193
0,533
0,326
0,192
0,406
0,325
0,63
0,360
0,324
0,62
0,350
0,323
0,61
0,468
0,321
0,60
0,497
0,426
0,59
0,557
0,320
0,58
0,425
0,486
0,57
0,424
0,554
0,56
0,569
0,317
0,55
0,550
0,532
0,54
0,416
0,423
0,53
0,396
0,316
0,52
0,516
0,315
0,51
0,513
0,314
0,50
0,485
0,313
0,49
0,558
0,312
0,48
0,431
0,311
0,47
0,480
0,309
0,46
0,306
0,45
0,501
0,301
0,6
0,5
0,1
0,11
0,4
0,2
0,3
0,7
